000006 000012 LOC       6
000007 000003 Data   10
000010 002000 Data 3
000011 000000 Data END
000012 000014 Data 0
000013 000011 Data      12
000014 000022 Data 9
000015 000014 Data 18
000016 102207 Data 12
000017 003412 LDX 2,7
000020 003212 LDR    3,0,10
000021 002652 LDR 2,2,10
000022 006000 LDR 1,2,10,1
000023 102110 LDA      0,0,0
000024 020100 LDX 1,8
002000 000000 LOC 1024
002001 005411 END: HLT
002002 104310 STR 3,0,9
002003 023017 STX 3,8
000017 024414 JNE 2,0,15
000020 026217 JCC 1,0,12
000022 030217 JMA 2,15
000022 064041 JSR 2,15
000023 034405 RFS 33
000005 037012 SOB 1,0,5
000012 011610 JGE 2,0,10
000013 012650 AMR 3,2,8
000014 015007 SMR 1,2,8,1
000015 017003 AIR 2,7
000016 160200 SIR 2,3
000017 162200 MLT 0,2
000020 164300 DVD 0,2
000021 166700 TRR 0,3
000022 171300 AND 1,3
000023 173400 ORR 2,3
000024 321002 NOT 3
000025 311002 RRC 0,2,1,0
